0 0.5254092769440655 0.7469304229195088 0.21589358799454295 0.2469304229195089
0 0.7592087312414734 0.19031377899045018 0.2701227830832195 0.33969986357435195
0 0.28598226466575716 0.24079126875852658 0.10948158253751704 0.1323328785811732
0 0.2384038199181446 0.2721691678035471 0.09004092769440657 0.1105047748976808
0 0.2025920873124147 0.2953615279672579 0.07980900409276945 0.10504774897680765
0 0.3084924965893588 0.38199181446111863 0.11766712141882671 0.15006821282401098
0 0.2542633015006821 0.41268758526603 0.10129604365620733 0.14324693042291956
0 0.22766030013642563 0.3956343792633015 0.08492496589358801 0.12005457025920868
0 0.1846862210095498 0.4160982264665757 0.07264665757162346 0.08731241473396992
0 0.18519781718963166 0.490450204638472 0.06957708049113233 0.09140518417462473
0 0.2266371077762619 0.5075034106412005 0.08901773533424284 0.12824010914051842
0 0.27626193724420195 0.524556616643929 0.10641200545702595 0.15143246930422924
0 0.17957025920873118 0.5893587994542974 0.07673942701227829 0.09822646657571621
0 0.21282401091405184 0.602319236016371 0.08799454297407916 0.11050477489768071
0 0.24147339699863568 0.6439290586630284 0.09822646657571622 0.13096862210095514
0 0.29467939972714874 0.6630286493860845 0.11869031377899054 0.1582537517053205
0 0.2742155525238745 0.7714870395634378 0.11459754433833556 0.14051841746248286
0 0.21333560709413368 0.7926330150068214 0.09515688949522513 0.11186903137789898
0 0.17445429740791263 0.7769440654843109 0.07060027285129607 0.09413369713506108
0 0.24300818553888132 0.8656207366984994 0.10948158253751707 0.1159618008185538
0 0.18622100954979537 0.9522510231923601 0.07162346521145974 0.0954979536152797
0 0.2997953615279672 0.9304229195088678 0.11459754433833559 0.13915416098226474
