0 0.3225179425837317 0.590311004784689 0.1103468899521529 0.13277511961722474
0 0.518092105263158 0.5962918660287078 0.2090311004784693 0.27153110047846907
0 0.6602870813397126 0.9533492822966504 0.19916267942583757 0.09330143540669761
0 0.8642344497607659 0.6483253588516743 0.2715311004784679 0.41626794258373173
0 0.9373504784688994 0.479066985645933 0.12529904306220066 0.3815789473684211
0 0.7625598086124397 0.4874401913875602 0.2870813397129181 0.3456937799043051
0 0.7293660287081335 0.15968899521531096 0.2565789473684209 0.312200956937799
0 0.9252392344497605 0.15370813397129182 0.1495215311004785 0.30263157894736836
0 0.8735047846889956 0.06758373205741625 0.2529904306220086 0.13516746411483246
1 0.6776315789473683 0.49999999999999967 0.6447368421052633 0.9999999999999993
