0 0.7186004784688994 0.08971291866028705 0.24043062200956927 0.1794258373205741
0 0.548145933014354 0.5568181818181813 0.19557416267942582 0.2260765550239228
0 0.24184441003136434 0.12187401889796604 0.04665071770334928 0.04951861189077497
0 0.2524456766868836 0.09002561377168561 0.051441122719746414 0.06528217988232948
0 0.26742449589156986 0.034688995215311 0.06291142346193528 0.069377990430622
0 0.2637559808612437 0.7030108907947646 0.082535885167464 0.09662239292206327
0 0.2689144698746556 0.7941954157022451 0.09056282971926766 0.11480107745104257
0 0.26887315782253973 0.93249496482195 0.07206544060675742 0.09465500141424171
0 0.24940191387559757 0.8704199228911476 0.09150717703349269 0.07816041994497391
0 0.24970882408603295 0.9808612440191388 0.06907894736842103 0.03827751196172244
0 0.20525371122156877 0.9425837320574162 0.05203349282296653 0.05741626794258366
0 0.21141557782784254 0.8815159898649247 0.05831339712918659 0.06459330143540655
0 0.20534814747681301 0.8085652220637654 0.04485645933014354 0.07057416267942586
0 0.2188995215311004 0.714067614408263 0.046650717703349255 0.05143540669856463
0 0.20877140839565606 0.7361181041317636 0.040370813397129196 0.05622009569377994
0 0.23468191401998945 0.632177033492823 0.09868421052631579 0.06818181818181807
0 0.239616124546305 0.5866910092865294 0.0601076555023923 0.05395366620316456
1 0.6782296650717702 0.49999999999999967 0.12739234449760786 0.9999999999999993
2 0.22114234449760758 0.7302631578947366 0.2269736842105263 0.5394736842105257
