0 0.39802182810368353 0.8751705320600273 0.15143246930422907 0.18417462482946786
0 0.3304911323328785 0.8362892223738062 0.11664392905866304 0.15279672578444747
0 0.29774897680763984 0.8287858117326056 0.09822646657571625 0.12414733969986358
0 0.2491473396998636 0.8226466575716234 0.0931105047748978 0.11186903137789854
0 0.17905866302864937 0.7046384720327421 0.07980900409276945 0.08867667121418833
0 0.314631650750341 0.5020463847203274 0.12380627557980897 0.1527967257844475
0 0.25835607094133695 0.4972714870395635 0.10129604365620735 0.140518417462483
0 0.20719645293315125 0.48499317871759895 0.08901773533424279 0.1132332878581173
0 0.18417462482946795 0.5163710777626194 0.07776261937244204 0.09413369713506142
0 0.5678717598908597 0.06684856753069575 0.19031377899045046 0.1336971350613915
0 0.7627899045020464 0.9536152796725784 0.23840381991814452 0.09276944065484315
0 0.2788199181446112 0.36903137789904505 0.11152796725784447 0.1323328785811733
0 0.31974761255115963 0.22646657571623463 0.12585266030013642 0.14461118690313776
0 0.29774897680763984 0.10368349249658934 0.10845839017735333 0.12278308321964528
0 0.33918826739427016 0.023192360163710776 0.0828785811732606 0.04638472032742155
0 0.2798431105047749 0.045020463847203276 0.10334242837653478 0.09004092769440655
0 0.2343110504774898 0.03615279672578445 0.08390177353342426 0.0723055934515689
0 0.2465893587994543 0.08867667121418826 0.09208731241473395 0.09276944065484312
0 0.25068212824010916 0.1684856753069577 0.0961800818553888 0.11596180081855388
0 0.26091405184174626 0.2701227830832197 0.09822646657571625 0.10368349249658937
0 0.22612551159618008 0.2939972714870396 0.08390177353342426 0.1023192360163711
0 0.2184515688949522 0.20054570259208732 0.07878581173260574 0.09549795361527968
0 0.20873124147339703 0.15552523874488405 0.07980900409276945 0.08731241473397
0 0.1949181446111869 0.334924965893588 0.06446111869031376 0.10231923601637107
