0 0.48624401913875565 0.7224880382775113 0.18480861244019114 0.24401913875598022
0 0.9126794258373205 0.9569377990430621 0.17464114832535899 0.08612440191387563
0 0.4391447368421049 0.34031100478468873 0.16955741626794243 0.21172248803827753
0 0.29066985645932975 0.3558612440191389 0.09868421052631572 0.1399521531100477
0 0.7029007177033484 0.41746411483253576 0.2592703349282297 0.31818181818181795
0 0.8593002392344501 0.34928229665071725 0.28139952153109987 0.38277511961722444
0 0.9534988038277511 0.4049043062200957 0.09300239234449777 0.374401913875598
0 0.8101076555023917 0.10287081339712921 0.2709330143540667 0.20574162679425842
0 0.6208133971291868 0.06997607655502396 0.21710526315789477 0.1399521531100479
0 0.6338217703349279 0.2864832535885168 0.24132775119617253 0.30741626794258403
1 0.6368122009569372 0.46650717703349287 0.7263755980861241 0.9330143540669857
