0 0.45634379263301494 0.8581173260572988 0.18212824010914053 0.22919508867667127
0 0.7986016371077763 0.7871759890859481 0.3018417462482947 0.3574351978171895
0 0.2721691678035471 0.9297407912687586 0.10436562073669851 0.12414733969986358
0 0.3033765347885402 0.7530695770804912 0.12380627557980901 0.14461118690313782
0 0.29723738062755795 0.6275579809004094 0.09720327421555247 0.16916780354706687
0 0.254774897680764 0.830150068212824 0.1227830832196453 0.12960436562073652
0 0.22766030013642563 0.7557980900409277 0.09311050477489768 0.10914051841746243
0 0.30644611186903137 0.46793997271487037 0.13199181446111866 0.15279672578444747
0 0.27319236016371073 0.3901773533424285 0.11050477489768072 0.12824010914051837
0 0.2593792633015007 0.32401091405184174 0.08083219645293316 0.09959072305593455
0 0.2343110504774897 0.27762619372442016 0.09004092769440654 0.1050477489768075
0 0.30951568894952247 0.07639836289222374 0.11152796725784447 0.14733969986357434
0 0.5535470668485675 0.01296043656207367 0.12278308321964523 0.02592087312414734
0 0.2644952251023192 0.02728512960436562 0.08901773533424283 0.05457025920873124
0 0.20054570259208732 0.09004092769440655 0.0716234652114598 0.09004092769440654
0 0.21998635743519782 0.5736698499317872 0.09822646657571625 0.10231923601637107
0 0.19440654843110505 0.6336971350613915 0.0839017735334243 0.08049113233287862
0 0.23533424283765342 0.6678035470668486 0.08390177353342423 0.09413369713506146
