0 0.19822355750502793 0.955664184535383 0.06459330143540666 0.08867163092923404
0 0.1774919654883756 0.836032050917938 0.06386905059278249 0.08996669738351257
0 0.18884569377990426 0.9043062200956937 0.06010765550239233 0.08612440191387549
0 0.5140550239234443 0.5598086124401911 0.19198564593301426 0.23684210526315744
0 0.4427332535885168 0.6525119617224878 0.1695574162679424 0.21411483253588506
0 0.41088516746411463 0.5089712918660283 0.15430622009569353 0.18779904306220097
0 0.36737440191387505 0.41028708133971264 0.1336722488038278 0.18660287081339702
0 0.4979066985645932 0.2882775119617223 0.17763157894736856 0.23444976076554996
0 0.4274820574162677 0.2793062200956938 0.14623205741626796 0.19976076555023947
0 0.4019138755980859 0.17045454545454525 0.1399521531100479 0.17583732057416257
0 0.3364234449760765 0.1848086124401914 0.09868421052631575 0.13995215311004788
0 0.3224288727174547 0.10817489163737605 0.11123758861492693 0.1284568958770492
0 0.25628169056283934 0.22432521760364124 0.09151360755732242 0.11945697311105125
0 0.13008048156549304 0.4874610628517648 0.050331958315759255 0.06726598452562572
0 0.12762740465452743 0.5435244517742652 0.03786487356931769 0.053489930682126034
0 0.12737669089945383 0.581195209633124 0.04378568665631168 0.06481615810658285
0 0.2780778571321968 0.03237534759707359 0.07744929509945676 0.06475069519414717
0 0.3425842322092694 0.012003214435666574 0.0714161989710638 0.024006428871333148
0 0.15022714602177442 0.8543832978909722 0.042862052100212156 0.05555765372957751
0 0.1508524094011214 0.8971291866028708 0.043331613060616746 0.05410770275754856
0 0.15134051302505303 0.9260481954041881 0.02746251461975045 0.04784688995215304
0 0.15275410331341976 0.9640901089845165 0.03588516746411484 0.04813338472306676
0 0.17966934564999662 0.9829619998230764 0.053237119440301586 0.03407600035384628
0 0.15956410397777784 0.986278557504431 0.033263043151259546 0.02392344497607652
2 0.1395035885167464 0.818779904306217 0.15161483253588526 0.3624401913875588
1 0.3669258373205739 0.4999999999999995 0.35526315789473634 0.999999999999999
