0 0.5143375075304708 0.5578355190185184 0.1943271478546716 0.24221897249424132
0 0.499464616075859 0.28744677846722316 0.1820597797246345 0.23268434714374728
0 0.4413816624794799 0.6535301458831824 0.17036839176618293 0.21229349935964997
0 0.40692637609109394 0.507240626193548 0.1546464764186328 0.19247435758819378
0 0.3704245697768701 0.40580732184014745 0.14024193322792772 0.17082812036105094
0 0.42971185705759907 0.27903383628237466 0.1498455465636177 0.19905133322949
0 0.27517620702540063 0.02888520087560209 0.08286644253725509 0.05777040175120416
0 0.40039660908169844 0.17010046830170572 0.14087295231333385 0.1755540930789259
0 0.25538033464150073 0.22503785057640371 0.08747013378932528 0.11846832155326044
0 0.32466588798515134 0.11025248202479919 0.11647338867736426 0.12951718055822856
0 0.32996013292502724 0.1823769783072238 0.11509228130174363 0.15468402606954154
0 0.13012618296529962 0.4858044164037855 0.048895899053627734 0.06729758149316505
0 0.12421135646687699 0.5457413249211356 0.035488958990536286 0.05047318611987381
0 0.1235957397317814 0.589719988056886 0.03391167192429021 0.046267087276551065
0 0.17790104974788232 0.8353477865886464 0.06354775038704423 0.09231146898328518
0 0.19771789383884503 0.9546924584581495 0.0757555673492978 0.08577869628362125
0 0.17947417444249833 0.9101291790305887 0.05925195590706455 0.07426245140352054
2 0.13961250490800917 0.8202948147100793 0.14097053510472976 0.3594103705798291
1 0.3655801435406697 0.5 0.3525717703349281 1.0
