0 0.8258074162679421 0.1764354066985647 0.2933612440191387 0.3528708133971294
0 0.5862739234449755 0.2039473684210526 0.21441387559808614 0.2739234449760765
0 0.5719198564593299 0.045454545454545456 0.17673444976076558 0.09090909090909091
0 0.4509007731501061 0.7160764877048991 0.16770520698918104 0.21427794231580774
0 0.18423985901989126 0.3032310940770657 0.05352727912867586 0.08747225190023823
0 0.19069790305866616 0.22894679681893443 0.054484502728777945 0.06554909603021336
0 0.2052644439995026 0.17890501907024695 0.05992308524600802 0.09098921679375646
0 0.20361934990607355 0.13655823505411888 0.05843144244824201 0.07136970550490122
0 0.23535082470040936 0.9572964910213115 0.08471404097235728 0.08540701795737334
0 0.22102156392722455 0.8781105269360557 0.07636170669493572 0.09788060368766097
0 0.20429799128230391 0.8260108842131948 0.07571794289386714 0.07992068399867887
0 0.2000598086124402 0.763755980861244 0.059210526315789484 0.04904306220095691
0 0.1789152571961197 0.9774006930832876 0.05039337498545004 0.04519861383342041
0 0.1924342105263158 0.8869617224880383 0.060107655502392346 0.05622009569377994
0 0.17942583732057407 0.9038483032675971 0.05023923444976076 0.061483572981295566
0 0.16747523482097143 0.8202398776726604 0.03678229665071768 0.06463504436381787
1 0.5136064593301429 0.4999999999999997 0.386662679425837 0.9999999999999993
2 0.1789772727272725 0.8247607655502389 0.2054425837320572 0.3504784688995211
