0 0.20208049113233287 0.970668485675307 0.08083219645293319 0.05593451568894949
0 0.2680763983628922 0.9802182810368351 0.08594815825375168 0.03410641200545697
0 0.41388130968622094 0.9065484311050475 0.16268758526603 0.1869031377899047
0 0.41643929058663026 0.8185538881309686 0.0040927694406548195 0.008185538881309639
0 0.2916098226466575 0.8778990450204638 0.12073669849931785 0.15416098226466574
0 0.22663710777626192 0.838335607094134 0.0951568894952251 0.12414733969986334
0 0.2527285129604365 0.7012278308321964 0.10027285129604366 0.13915416098226457
0 0.3335607094133695 0.6862210095497953 0.13506139154160982 0.17735334242837641
0 0.4952251023192359 0.6077762619372442 0.1882673942701227 0.2551159618008188
0 0.290075034106412 0.4836289222373798 0.11562073669849925 0.14324693042291936
0 0.40109140518417424 0.3601637107776263 0.15552523874488391 0.1964529331514325
0 0.3427694406548431 0.21487039563437926 0.1268758526603001 0.1732605729877217
0 0.6548431105047748 0.18008185538881308 0.23738062755798098 0.286493860845839
0 0.5085266030013642 0.04433833560709414 0.155525238744884 0.08321964529331514
