0 0.5154007177033489 0.5574162679425837 0.19467703349282275 0.23923444976076558
0 0.44183612440191344 0.6590909090909085 0.16776315789473703 0.203349282296651
0 0.40864234449760767 0.5065789473684207 0.14982057416267935 0.18779904306220113
0 0.36961722488038257 0.4019138755980862 0.13995215311004783 0.17224880382775093
0 0.500598086124402 0.2876794258373203 0.17942583732057404 0.24043062200956952
0 0.426136363636363 0.2799043062200956 0.14174641148325332 0.19856459330143533
0 0.40011961722488043 0.16746411483253587 0.1417464114832536 0.17464114832535885
0 0.33014354066985613 0.18241626794258373 0.11662679425837322 0.1519138755980861
0 0.3225179425837321 0.10586124401913874 0.11034688995215305 0.12320574162679422
0 0.28035287081339727 0.03588516746411483 0.07984449760765541 0.07177033492822966
0 0.34046052631578944 0.011363636363636359 0.08163875598086122 0.022727272727272717
0 0.2556818181818181 0.22129186602870823 0.08612440191387555 0.11483253588516762
0 0.13215055068774068 0.48875369986048306 0.05322945968513411 0.06471063765952877
0 0.12786512509113146 0.5442438088710425 0.04570515651630034 0.04542541678515336
0 0.12871382227728861 0.5829902549559765 0.04338288513454789 0.05832500751961806
0 0.1793862671529286 0.8369044002629932 0.05741626794258374 0.08732057416267949
0 0.19701435096204367 0.9549470641104416 0.06749140166624315 0.09010587177911407
0 0.17698722493406052 0.9090499646444425 0.06456259310056027 0.07621483102814353
0 0.15039228017531658 0.8588048223061503 0.039807969217290996 0.0573461948267336
0 0.1427073268377238 0.9003424738960522 0.028598285301155348 0.04809337817746486
0 0.15069791826545903 0.961458686920638 0.030955387854199126 0.041772324038143786
0 0.17731058668980215 0.984660801659655 0.052930622009569016 0.030678396680669948
0 0.14847488038277512 0.9282296650717703 0.040370813397129196 0.03827751196172244
0 0.15507525592811158 0.9820865449373364 0.02143897547393248 0.035826910125327203
1 0.36827153110047844 0.49999999999999967 0.3633373205741627 0.9999999999999993
2 0.13770933014354056 0.8193779904306209 0.14802631578947348 0.36124401913875565
