0 0.13187799043062198 0.9539473684210527 0.05562200956937799 0.05861244019138752
0 0.24491626794258367 0.7051435406698565 0.09150717703349284 0.13755980861244044
0 0.131877990430622 0.6704545454545453 0.05023923444976073 0.07535885167464128
0 0.1646232057416268 0.595693779904306 0.06549043062200954 0.08612440191387563
0 0.3113038277511962 0.34210526315789486 0.11124401913875599 0.1411483253588517
0 0.41581937799043084 0.21889952153110048 0.14802631578947373 0.18660287081339702
0 0.5723684210526307 0.10586124401913871 0.1955741626794253 0.21172248803827742
0 0.440938995215311 0.08074162679425836 0.13367224880382772 0.16148325358851673
0 0.49745813397129124 0.05322966507177033 0.1318779904306219 0.10645933014354066
0 0.16910885167464113 0.4449760765550239 0.04934210526315787 0.06698564593301436
0 0.231907894736842 0.10107655502392345 0.051136363636363556 0.08492822966507177
0 0.2081339712918658 0.2009569377990431 0.07356459330143536 0.10047846889952164
0 0.1991626794258373 0.26674641148325356 0.06100478468899521 0.07416267942583729
0 0.17045454545454536 0.3815789473684209 0.05203349282296647 0.07177033492822953
0 0.1726973684210526 0.32057416267942584 0.0457535885167464 0.0574162679425838
0 0.19647129186602874 0.12141148325358853 0.06279904306220103 0.08014354066985648
1 0.5284090909090907 0.49999999999999967 0.7446172248803823 0.9999999999999993
