0 0.21082535885167464 0.7870813397129186 0.09868421052631589 0.12918660287081352
0 0.15565191387559804 0.9282296650717693 0.07625598086124405 0.09330143540669857
0 0.15161483253588515 0.969497607655501 0.07535885167464113 0.06100478468899526
0 0.1040669856459331 0.8415071770334929 0.0645933014354067 0.08732057416267931
0 0.08836722488038276 0.7254784688995214 0.052930622009569335 0.07296650717703362
0 0.21665669856459308 0.4186602870813395 0.09599282296650716 0.12679425837320563
0 0.0991327751196172 0.4228468899521532 0.0547248803827751 0.06578947368421059
0 0.13591507177033482 0.3301435406698565 0.06190191387559803 0.08133971291866013
0 0.14623205741626807 0.18241626794258387 0.05562200956937805 0.08014354066985653
0 0.3108552631578948 0.0478468899521531 0.11034688995215335 0.0956937799043062
0 0.15071770334928222 0.10765550239234457 0.05741626794258355 0.06698564593301443
0 0.16776315789473695 0.05442583732057416 0.05921052631578944 0.06578947368421054
0 0.1982655502392344 0.014354066985645932 0.04126794258373202 0.028708133971291863
0 0.21665669856459327 0.4838516746411483 0.002691387559808618 0.008373205741626819
1 0.27631578947368396 0.4718899521531096 0.34270334928229623 0.9437799043062192
2 0.1363636363636363 0.16746411483253584 0.15968899521531088 0.3349282296650717
