0 0.6149820574162682 0.026913875598086116 0.17314593301435416 0.05382775119617223
0 0.3337320574162677 0.059808612440191374 0.1112440191387559 0.11961722488038275
0 0.2695873205741627 0.10705741626794259 0.08881578947368424 0.1303827751196172
0 0.22248803827751196 0.031698564593301434 0.052033492822966494 0.06339712918660288
0 0.1180461975560528 0.6409256329969854 0.05287557444251911 0.08133971291866027
0 0.11845394561662896 0.6950376575340248 0.04421872088344137 0.0447155737065435
0 0.11882343149063018 0.7387725924182641 0.044218720883441275 0.0728172115712332
0 0.18438314071401493 0.9828094548398453 0.060857365653444656 0.03438109032030961
0 0.5992822966507176 0.7117224880382775 0.23145933014354106 0.2918660287081339
0 0.5082236842105265 0.8187799043062194 0.19826555023923428 0.261961722488038
0 0.4543959330143542 0.6614832535885168 0.1785287081339714 0.23444976076555013
0 0.3983253588516745 0.5412679425837318 0.15968899521531107 0.19019138755980886
0 0.5580143540669856 0.3959330143540669 0.20813397129186595 0.27511961722488026
0 0.4521531100478468 0.3941387559808613 0.13815789473684206 0.22607655502392351
0 0.42254784688995206 0.26913875598086134 0.1525119617224882 0.1866028708133972
0 0.331937799043062 0.29784688995215325 0.11483253588516751 0.16507177033492837
0 0.3256578947368417 0.21889952153110034 0.1220095693779904 0.1483253588516746
0 0.2511961722488038 0.34629186602870804 0.09688995215311005 0.1303827751196172
1 0.37948564593301426 0.49999999999999967 0.4019138755980862 0.9999999999999993
2 0.15026913875598086 0.9025119617224863 0.12290669856459333 0.19497607655502372
