0 0.5140550239234447 0.5586124401913881 0.19557416267942573 0.24401913875598102
0 0.44480255222174747 0.6545478129121343 0.17126432567651304 0.21594530468005882
0 0.40753568677445984 0.5099738769027505 0.15539104057768374 0.1968647813422861
0 0.37105676430798146 0.4038419237456284 0.14011151048121773 0.17406195148376807
0 0.49849395688389997 0.2874291707768052 0.18158248491843765 0.23344561093417265
0 0.4220491111312781 0.27829340802023955 0.1342353226899892 0.19665230484739218
0 0.3997223973929486 0.16804331167412698 0.14124000544552617 0.16900655335056874
0 0.3349183938250033 0.1852815710343361 0.1248449737508685 0.15725417776811254
0 0.32349592405191346 0.11072305494025617 0.11267823547928811 0.13096197196120843
0 0.2747812308024018 0.030599968347867157 0.06809446921718257 0.061199936695734314
0 0.3433986202114046 0.012251320908833636 0.07258011515019734 0.02450264181766727
0 0.25477286922509224 0.22368421052631648 0.08513992376263692 0.1157579989959872
0 0.12989623697563327 0.48852576197615777 0.048499517102048834 0.06789546405577854
0 0.1255926879765334 0.5447041920962085 0.038049297626422215 0.0458749864726892
0 0.12909683399747224 0.5797321898226283 0.0432417387036202 0.06885225264233949
0 0.17671099969008566 0.8399765121978191 0.06338476741091831 0.09655690885302207
0 0.19852760123218346 0.955667456140151 0.06372344276155045 0.08866508771969578
0 0.17609064371789138 0.9126019835784444 0.06111113326300153 0.07362530450526178
0 0.17133067827404513 0.9871304223520587 0.03482988215499273 0.025739155295882065
0 0.15214247519044627 0.9632811480300887 0.03357444798914487 0.04463067576305532
0 0.14894934875033283 0.897959599503898 0.04123576466383195 0.05441747179304877
0 0.15019496810187402 0.8529482556560043 0.03958003278453287 0.05208111760771688
1 0.376345693779904 0.49999999999999983 0.3669258373205736 0.9999999999999997
2 0.13950358851674638 0.8193779904306198 0.14264354066985632 0.3612440191387545
