0 0.7694406548431105 0.1732605729877217 0.26398362892223737 0.3410641200545703
0 0.5284788540245566 0.2619372442019099 0.1974761255115961 0.2701227830832195
0 0.392905866302865 0.32128240109140527 0.15143246930422935 0.19781718963165068
0 0.30951568894952247 0.37244201909959074 0.12175989085948152 0.15552523874488405
0 0.25170532060027284 0.4099590723055934 0.0961800818553888 0.13506139154160984
0 0.2153819918144611 0.3990450204638472 0.0767394270122783 0.10777626193724416
0 0.1831514324693042 0.4201909959072306 0.06957708049113234 0.10368349249658934
0 0.17394270122783087 0.5900409276944065 0.06548431105047754 0.09959072305593451
0 0.21128922237380623 0.591405184174625 0.08287858117326058 0.11323328785811757
0 0.24403137789904505 0.6377899045020463 0.09106412005457028 0.12960436562073674
0 0.2977489768076398 0.6377899045020463 0.11869031377899042 0.15143246930422913
0 0.3796043656207365 0.6903137789904501 0.1493860845839018 0.19372442019099606
0 0.5300136425648021 0.736016371077763 0.21077762619372437 0.26330150068212815
0 0.7510231923601637 0.8246930422919508 0.27421555252387464 0.334242837653479
0 0.1765006821282401 0.7735334242837654 0.07060027285129605 0.09822646657571625
0 0.20310368349249658 0.7919508867667122 0.0828785811732606 0.11050477489768071
0 0.24505457025920876 0.8587994542974079 0.0972032742155525 0.12960436562073668
0 0.18673260572987713 0.9481582537517054 0.07673942701227829 0.10095497953615244
0 0.2977489768076398 0.9215552523874488 0.11255115961800818 0.1350613915416099
0 0.3744884038199177 0.9590723055934515 0.13710777626193707 0.0818553888130967
