0 0.1800818553888131 0.6514324693042292 0.08594815825375174 0.09959072305593451
0 0.724931787175989 0.9338335607094134 0.2424965893587995 0.1323328785811732
0 0.7305593451568894 0.4672578444747613 0.2660300136425647 0.3315143246930423
0 0.5028990450204639 0.4542974079126874 0.1851978171896316 0.24283765347885397
0 0.3719304229195089 0.43519781718963174 0.14017735334242837 0.18281036834924969
0 0.30133015006821284 0.4549795361527967 0.10538881309686218 0.16234652114597536
0 0.2455661664392906 0.4536152796725784 0.08390177353342426 0.14324693042291956
0 0.20361527967257842 0.4399727148703957 0.07776261937244204 0.11869031377899042
0 0.1785470668485675 0.4686221009549796 0.07673942701227833 0.09959072305593458
0 0.19184856753069573 0.296043656207367 0.07673942701227833 0.0954979536152797
0 0.22152114597544337 0.2489768076398363 0.08083219645293319 0.10504774897680762
0 0.26091405184174626 0.23260572987721692 0.09822646657571625 0.1323328785811732
0 0.3130968622100955 0.16643929058663026 0.11664392905866304 0.1446111869031378
0 0.39955661664392905 0.08935879945429742 0.14017735334242837 0.17871759890859484
0 0.5484311050477487 0.04638472032742155 0.17189631650750342 0.0927694406548431
0 0.27984311050477484 0.0402455661664393 0.09106412005457018 0.0804911323328786
0 0.23993860845839016 0.0654843110504775 0.07878581173260574 0.10368349249658937
0 0.2077080491132333 0.12346521145975445 0.07571623465211459 0.09686221009549797
