0 0.4696471291866026 0.15490430622009563 0.16596889952153096 0.21650717703349268
0 0.9001196172248801 0.07954545454545454 0.19976076555023933 0.1590909090909091
0 0.5710227272727273 0.5897129186602867 0.2126196172248802 0.26315789473684165
0 0.48579545454545453 0.5077751196172248 0.17494019138755978 0.21172248803827748
0 0.4243421052631577 0.5538277511961724 0.1686602870813395 0.20334928229665108
0 0.40101674641148266 0.715311004784689 0.15968899521531071 0.20334928229665064
0 0.30457535885167464 0.8433014354066978 0.12649521531100485 0.15311004784688959
0 0.16523241185446408 0.44306252034971777 0.06761247301813375 0.08133971291866005
0 0.15326857368275543 0.9329278904870185 0.0521415444801466 0.07986972078810892
0 0.14652928292684872 0.8683273744806889 0.05898351769170863 0.06570301010424355
0 0.17108683124638716 0.745871058061017 0.056108408933359506 0.08296820306729892
0 0.17390254497462126 0.6609788456150051 0.07166228327104945 0.08750793046445998
0 0.1770380185697543 0.5743201741951585 0.0647397747160482 0.08694967869868556
0 0.17067720250523458 0.5118215531917327 0.06305890943158193 0.07723226191543597
0 0.152668711733401 0.7831901448010662 0.055178814177601426 0.06052917936362002
2 0.14264354066985635 0.6776315789473679 0.19557416267942568 0.6447368421052627
1 0.4665071770334927 0.5 0.9330143540669854 1.0
